FILE_NAME,NUM_JOBS,NUM_MACHINES,ITERATION_SIZE,POPULATION_SIZE,ITERATION,MAKESPAN
A.u_c_hihi,1024,32,500,100,1,504539583.0
A.u_c_hihi,1024,32,500,100,2,[411107305.0]
A.u_c_hihi,1024,32,500,100,3,[382425400.0]
A.u_c_hihi,1024,32,500,100,4,[450760206.5]
A.u_c_hihi,1024,32,500,100,5,[395717320.0]
A.u_c_hihi,1024,32,500,100,6,[372864765.0]
A.u_c_hihi,1024,32,500,100,7,[382425400.0]
A.u_c_hihi,1024,32,500,100,8,[389640178.5]
A.u_c_hihi,1024,32,500,100,9,[363001248.0]
A.u_c_hihi,1024,32,500,100,10,[363304130.0]
A.u_c_hihi,1024,32,500,100,11,[375931454.0]
A.u_c_hihi,1024,32,500,100,12,[391986035.0]
A.u_c_hihi,1024,32,500,100,13,[346252655.0]
A.u_c_hihi,1024,32,500,100,14,[338103818.0]
A.u_c_hihi,1024,32,500,100,15,[343800157.5]
A.u_c_hihi,1024,32,500,100,16,[356145588.0]
A.u_c_hihi,1024,32,500,100,17,[347876196.0]
A.u_c_hihi,1024,32,500,100,18,[368513596.0]
A.u_c_hihi,1024,32,500,100,19,[334622225.0]
A.u_c_hihi,1024,32,500,100,20,[305940320.0]
A.u_c_hihi,1024,32,500,100,21,[359080164.5]
A.u_c_hihi,1024,32,500,100,22,[325061590.0]
A.u_c_hihi,1024,32,500,100,23,[320880147.0]
A.u_c_hihi,1024,32,500,100,24,[305940320.0]
A.u_c_hihi,1024,32,500,100,25,[326637051.0]
A.u_c_hihi,1024,32,500,100,26,[310063566.0]
A.u_c_hihi,1024,32,500,100,27,[326466789.0]
A.u_c_hihi,1024,32,500,100,28,[335012360.0]
A.u_c_hihi,1024,32,500,100,29,[335012360.0]
A.u_c_hihi,1024,32,500,100,30,[306680923.0]
A.u_c_hihi,1024,32,500,100,31,[320880147.0]
A.u_c_hihi,1024,32,500,100,32,[306680923.0]
A.u_c_hihi,1024,32,500,100,33,[328520150.5]
A.u_c_hihi,1024,32,500,100,34,[309595083.0]
A.u_c_hihi,1024,32,500,100,35,[332591000.0]
A.u_c_hihi,1024,32,500,100,36,[344182860.0]
A.u_c_hihi,1024,32,500,100,37,[292070568.0]
A.u_c_hihi,1024,32,500,100,38,[326637051.0]
A.u_c_hihi,1024,32,500,100,39,[304240175.0]
A.u_c_hihi,1024,32,500,100,40,[290640282.0]
A.u_c_hihi,1024,32,500,100,41,[325274391.0]
A.u_c_hihi,1024,32,500,100,42,[298282163.0]
A.u_c_hihi,1024,32,500,100,43,[310975021.0]
A.u_c_hihi,1024,32,500,100,44,[286819050.0]
A.u_c_hihi,1024,32,500,100,45,[324276225.0]
A.u_c_hihi,1024,32,500,100,46,[276385197.0]
A.u_c_hihi,1024,32,500,100,47,[283572546.0]
A.u_c_hihi,1024,32,500,100,48,[290320133.0]
A.u_c_hihi,1024,32,500,100,49,[296379685.0]
A.u_c_hihi,1024,32,500,100,50,[299331900.0]
A.u_c_hihi,1024,32,500,100,51,[291912915.0]
A.u_c_hihi,1024,32,500,100,52,[296379685.0]
A.u_c_hihi,1024,32,500,100,53,[330014308.0]
A.u_c_hihi,1024,32,500,100,54,[309886433.0]
A.u_c_hihi,1024,32,500,100,55,[287375988.0]
A.u_c_hihi,1024,32,500,100,56,[291935734.0]
A.u_c_hihi,1024,32,500,100,57,[306680923.0]
A.u_c_hihi,1024,32,500,100,58,[284760506.0]
A.u_c_hihi,1024,32,500,100,59,[286895057.0]
A.u_c_hihi,1024,32,500,100,60,[326466789.0]
A.u_c_hihi,1024,32,500,100,61,[277002124.0]
A.u_c_hihi,1024,32,500,100,62,[283572546.0]
A.u_c_hihi,1024,32,500,100,63,[273083853.0]
A.u_c_hihi,1024,32,500,100,64,[328579389.0]
A.u_c_hihi,1024,32,500,100,65,[283572546.0]
A.u_c_hihi,1024,32,500,100,66,[309886433.0]
A.u_c_hihi,1024,32,500,100,67,[285985764.5]
A.u_c_hihi,1024,32,500,100,68,[276385197.0]
A.u_c_hihi,1024,32,500,100,69,[278131225.0]
A.u_c_hihi,1024,32,500,100,70,[273083853.0]
A.u_c_hihi,1024,32,500,100,71,[318597828.5]
A.u_c_hihi,1024,32,500,100,72,[277002124.0]
A.u_c_hihi,1024,32,500,100,73,[267109191.0]
A.u_c_hihi,1024,32,500,100,74,[271515921.5]
A.u_c_hihi,1024,32,500,100,75,[266891808.0]
A.u_c_hihi,1024,32,500,100,76,[273816157.5]
A.u_c_hihi,1024,32,500,100,77,[267109191.0]
A.u_c_hihi,1024,32,500,100,78,[279813462.0]
A.u_c_hihi,1024,32,500,100,79,[280638159.0]
A.u_c_hihi,1024,32,500,100,80,[286895057.0]
A.u_c_hihi,1024,32,500,100,81,[269847847.5]
A.u_c_hihi,1024,32,500,100,82,[275232177.0]
A.u_c_hihi,1024,32,500,100,83,[277002124.0]
A.u_c_hihi,1024,32,500,100,84,[277002124.0]
A.u_c_hihi,1024,32,500,100,85,[267697780.0]
A.u_c_hihi,1024,32,500,100,86,[260203589.0]
A.u_c_hihi,1024,32,500,100,87,[279813462.0]
A.u_c_hihi,1024,32,500,100,88,[267731354.0]
A.u_c_hihi,1024,32,500,100,89,[279813462.0]
A.u_c_hihi,1024,32,500,100,90,[257125884.0]
A.u_c_hihi,1024,32,500,100,91,[267400122.5]
A.u_c_hihi,1024,32,500,100,92,[249443250.0]
A.u_c_hihi,1024,32,500,100,93,[267697780.0]
A.u_c_hihi,1024,32,500,100,94,[261646550.5]
A.u_c_hihi,1024,32,500,100,95,[249563358.0]
A.u_c_hihi,1024,32,500,100,96,[273816157.5]
A.u_c_hihi,1024,32,500,100,97,[253124614.0]
A.u_c_hihi,1024,32,500,100,98,[257758025.0]
A.u_c_hihi,1024,32,500,100,99,[266581856.5]
A.u_c_hihi,1024,32,500,100,100,[258551439.0]
A.u_c_hihi,1024,32,500,100,101,[276385197.0]
A.u_c_hihi,1024,32,500,100,102,[258551439.0]
A.u_c_hihi,1024,32,500,100,103,[248576510.0]
A.u_c_hihi,1024,32,500,100,104,[246412413.0]
A.u_c_hihi,1024,32,500,100,105,[241128475.0]
A.u_c_hihi,1024,32,500,100,106,[257216258.0]
A.u_c_hihi,1024,32,500,100,107,[259962052.5]
A.u_c_hihi,1024,32,500,100,108,[233530332.0]
A.u_c_hihi,1024,32,500,100,109,[260203589.0]
A.u_c_hihi,1024,32,500,100,110,[261443351.5]
A.u_c_hihi,1024,32,500,100,111,[247323325.0]
A.u_c_hihi,1024,32,500,100,112,[240573870.5]
A.u_c_hihi,1024,32,500,100,113,[278131225.0]
A.u_c_hihi,1024,32,500,100,114,[276385197.0]
A.u_c_hihi,1024,32,500,100,115,[257216258.0]
A.u_c_hihi,1024,32,500,100,116,[242883961.0]
A.u_c_hihi,1024,32,500,100,117,[251259270.0]
A.u_c_hihi,1024,32,500,100,118,[250211070.0]
A.u_c_hihi,1024,32,500,100,119,[265738987.0]
A.u_c_hihi,1024,32,500,100,120,[264688410.0]
A.u_c_hihi,1024,32,500,100,121,[259634579.0]
A.u_c_hihi,1024,32,500,100,122,[266072800.0]
A.u_c_hihi,1024,32,500,100,123,[244480112.0]
A.u_c_hihi,1024,32,500,100,124,[286895057.0]
A.u_c_hihi,1024,32,500,100,125,[260203589.0]
A.u_c_hihi,1024,32,500,100,126,[247510731.0]
A.u_c_hihi,1024,32,500,100,127,[249476943.5]
A.u_c_hihi,1024,32,500,100,128,[274387575.0]
A.u_c_hihi,1024,32,500,100,129,[258137145.0]
A.u_c_hihi,1024,32,500,100,130,[248576510.0]
A.u_c_hihi,1024,32,500,100,131,[247075867.0]
A.u_c_hihi,1024,32,500,100,132,[240573870.5]
A.u_c_hihi,1024,32,500,100,133,[266891808.0]
A.u_c_hihi,1024,32,500,100,134,[230597251.5]
A.u_c_hihi,1024,32,500,100,135,[234438306.0]
A.u_c_hihi,1024,32,500,100,136,[258551439.0]
A.u_c_hihi,1024,32,500,100,137,[241128475.0]
A.u_c_hihi,1024,32,500,100,138,[249563358.0]
A.u_c_hihi,1024,32,500,100,139,[231113778.0]
A.u_c_hihi,1024,32,500,100,140,[234071874.0]
A.u_c_hihi,1024,32,500,100,141,[246412413.0]
A.u_c_hihi,1024,32,500,100,142,[250222549.5]
A.u_c_hihi,1024,32,500,100,143,[249563358.0]
A.u_c_hihi,1024,32,500,100,144,[259634579.0]
A.u_c_hihi,1024,32,500,100,145,[236840108.5]
A.u_c_hihi,1024,32,500,100,146,[247075867.0]
A.u_c_hihi,1024,32,500,100,147,[242883961.0]
A.u_c_hihi,1024,32,500,100,148,[240573870.5]
A.u_c_hihi,1024,32,500,100,149,[236933586.0]
A.u_c_hihi,1024,32,500,100,150,[249563358.0]
A.u_c_hihi,1024,32,500,100,151,[249563358.0]
A.u_c_hihi,1024,32,500,100,152,[247621905.0]
A.u_c_hihi,1024,32,500,100,153,[259634579.0]
A.u_c_hihi,1024,32,500,100,154,[240409900.5]
A.u_c_hihi,1024,32,500,100,155,[240094146.0]
A.u_c_hihi,1024,32,500,100,156,[243392140.0]
A.u_c_hihi,1024,32,500,100,157,[248576510.0]
A.u_c_hihi,1024,32,500,100,158,[231222533.0]
A.u_c_hihi,1024,32,500,100,159,[242883961.0]
A.u_c_hihi,1024,32,500,100,160,[249563358.0]
A.u_c_hihi,1024,32,500,100,161,[234508652.0]
A.u_c_hihi,1024,32,500,100,162,[253857160.0]
A.u_c_hihi,1024,32,500,100,163,[248576510.0]
A.u_c_hihi,1024,32,500,100,164,[227569877.5]
A.u_c_hihi,1024,32,500,100,165,[232813700.0]
A.u_c_hihi,1024,32,500,100,166,[242119196.0]
A.u_c_hihi,1024,32,500,100,167,[240094146.0]
A.u_c_hihi,1024,32,500,100,168,[255880727.0]
A.u_c_hihi,1024,32,500,100,169,[246412413.0]
A.u_c_hihi,1024,32,500,100,170,[234438306.0]
A.u_c_hihi,1024,32,500,100,171,[269632741.0]
A.u_c_hihi,1024,32,500,100,172,[266891808.0]
A.u_c_hihi,1024,32,500,100,173,[228471444.0]
A.u_c_hihi,1024,32,500,100,174,[233530332.0]
A.u_c_hihi,1024,32,500,100,175,[225300445.5]
A.u_c_hihi,1024,32,500,100,176,[244480112.0]
A.u_c_hihi,1024,32,500,100,177,[234438306.0]
A.u_c_hihi,1024,32,500,100,178,[233530332.0]
A.u_c_hihi,1024,32,500,100,179,[249476943.5]
A.u_c_hihi,1024,32,500,100,180,[242119196.0]
A.u_c_hihi,1024,32,500,100,181,[232545927.0]
A.u_c_hihi,1024,32,500,100,182,[236616487.0]
A.u_c_hihi,1024,32,500,100,183,[227569877.5]
A.u_c_hihi,1024,32,500,100,184,[229200105.0]
A.u_c_hihi,1024,32,500,100,185,[248576510.0]
A.u_c_hihi,1024,32,500,100,186,[234508652.0]
A.u_c_hihi,1024,32,500,100,187,[228471444.0]
A.u_c_hihi,1024,32,500,100,188,[233775879.0]
A.u_c_hihi,1024,32,500,100,189,[226875780.0]
A.u_c_hihi,1024,32,500,100,190,[237505324.0]
A.u_c_hihi,1024,32,500,100,191,[234508652.0]
A.u_c_hihi,1024,32,500,100,192,[224498925.0]
A.u_c_hihi,1024,32,500,100,193,[234508652.0]
A.u_c_hihi,1024,32,500,100,194,[233775879.0]
A.u_c_hihi,1024,32,500,100,195,[235503576.0]
A.u_c_hihi,1024,32,500,100,196,[234508652.0]
A.u_c_hihi,1024,32,500,100,197,[236840108.5]
A.u_c_hihi,1024,32,500,100,198,[241164302.0]
A.u_c_hihi,1024,32,500,100,199,[234508652.0]
A.u_c_hihi,1024,32,500,100,200,[233530332.0]
A.u_c_hihi,1024,32,500,100,201,[276385197.0]
A.u_c_hihi,1024,32,500,100,202,[226133343.0]
A.u_c_hihi,1024,32,500,100,203,[221147688.0]
A.u_c_hihi,1024,32,500,100,204,[236666824.0]
A.u_c_hihi,1024,32,500,100,205,[257125884.0]
A.u_c_hihi,1024,32,500,100,206,[252120115.5]
A.u_c_hihi,1024,32,500,100,207,[221067881.0]
A.u_c_hihi,1024,32,500,100,208,[234508652.0]
A.u_c_hihi,1024,32,500,100,209,[234508652.0]
A.u_c_hihi,1024,32,500,100,210,[241870701.0]
A.u_c_hihi,1024,32,500,100,211,[242000832.0]
A.u_c_hihi,1024,32,500,100,212,[234817873.0]
A.u_c_hihi,1024,32,500,100,213,[230519701.5]
A.u_c_hihi,1024,32,500,100,214,[226133343.0]
A.u_c_hihi,1024,32,500,100,215,[252120115.5]
A.u_c_hihi,1024,32,500,100,216,[253857160.0]
A.u_c_hihi,1024,32,500,100,217,[234507042.0]
A.u_c_hihi,1024,32,500,100,218,[223770609.0]
A.u_c_hihi,1024,32,500,100,219,[252730680.0]
A.u_c_hihi,1024,32,500,100,220,[234508652.0]
A.u_c_hihi,1024,32,500,100,221,[219052926.0]
A.u_c_hihi,1024,32,500,100,222,[242000832.0]
A.u_c_hihi,1024,32,500,100,223,[221139345.0]
A.u_c_hihi,1024,32,500,100,224,[229455240.0]
A.u_c_hihi,1024,32,500,100,225,[241128475.0]
A.u_c_hihi,1024,32,500,100,226,[226133343.0]
A.u_c_hihi,1024,32,500,100,227,[251259270.0]
A.u_c_hihi,1024,32,500,100,228,[239192853.5]
A.u_c_hihi,1024,32,500,100,229,[229131078.0]
A.u_c_hihi,1024,32,500,100,230,[226875780.0]
A.u_c_hihi,1024,32,500,100,231,[228907256.0]
A.u_c_hihi,1024,32,500,100,232,[252120115.5]
A.u_c_hihi,1024,32,500,100,233,[228158268.0]
A.u_c_hihi,1024,32,500,100,234,[226133343.0]
A.u_c_hihi,1024,32,500,100,235,[222125015.0]
A.u_c_hihi,1024,32,500,100,236,[241164302.0]
A.u_c_hihi,1024,32,500,100,237,[231077380.0]
A.u_c_hihi,1024,32,500,100,238,[213920098.0]
A.u_c_hihi,1024,32,500,100,239,[236840108.5]
A.u_c_hihi,1024,32,500,100,240,[241128475.0]
A.u_c_hihi,1024,32,500,100,241,[219894605.0]
A.u_c_hihi,1024,32,500,100,242,[237430392.0]
A.u_c_hihi,1024,32,500,100,243,[234817873.0]
A.u_c_hihi,1024,32,500,100,244,[251259270.0]
A.u_c_hihi,1024,32,500,100,245,[220441311.0]
A.u_c_hihi,1024,32,500,100,246,[225189963.0]
A.u_c_hihi,1024,32,500,100,247,[219382950.0]
A.u_c_hihi,1024,32,500,100,248,[240094146.0]
A.u_c_hihi,1024,32,500,100,249,[220784602.5]
A.u_c_hihi,1024,32,500,100,250,[218716029.0]
A.u_c_hihi,1024,32,500,100,251,[225300445.5]
A.u_c_hihi,1024,32,500,100,252,[229200105.0]
A.u_c_hihi,1024,32,500,100,253,[216359064.5]
A.u_c_hihi,1024,32,500,100,254,[242000832.0]
A.u_c_hihi,1024,32,500,100,255,[225189963.0]
A.u_c_hihi,1024,32,500,100,256,[215363610.0]
A.u_c_hihi,1024,32,500,100,257,[229200105.0]
A.u_c_hihi,1024,32,500,100,258,[225300445.5]
A.u_c_hihi,1024,32,500,100,259,[234438306.0]
A.u_c_hihi,1024,32,500,100,260,[227457612.0]
A.u_c_hihi,1024,32,500,100,261,[220784602.5]
A.u_c_hihi,1024,32,500,100,262,[226875780.0]
A.u_c_hihi,1024,32,500,100,263,[214565884.5]
A.u_c_hihi,1024,32,500,100,264,[234071874.0]
A.u_c_hihi,1024,32,500,100,265,[229131078.0]
A.u_c_hihi,1024,32,500,100,266,[221139345.0]
A.u_c_hihi,1024,32,500,100,267,[236840108.5]
A.u_c_hihi,1024,32,500,100,268,[214565884.5]
A.u_c_hihi,1024,32,500,100,269,[213920098.0]
A.u_c_hihi,1024,32,500,100,270,[229200105.0]
A.u_c_hihi,1024,32,500,100,271,[214496205.0]
A.u_c_hihi,1024,32,500,100,272,[217644526.0]
A.u_c_hihi,1024,32,500,100,273,[216184150.0]
A.u_c_hihi,1024,32,500,100,274,[212968122.5]
A.u_c_hihi,1024,32,500,100,275,[276385197.0]
A.u_c_hihi,1024,32,500,100,276,[234817873.0]
A.u_c_hihi,1024,32,500,100,277,[229200105.0]
A.u_c_hihi,1024,32,500,100,278,[221067881.0]
A.u_c_hihi,1024,32,500,100,279,[225690927.0]
A.u_c_hihi,1024,32,500,100,280,[234817873.0]
A.u_c_hihi,1024,32,500,100,281,[233630229.0]
A.u_c_hihi,1024,32,500,100,282,[232813700.0]
A.u_c_hihi,1024,32,500,100,283,[216299491.5]
A.u_c_hihi,1024,32,500,100,284,[232813700.0]
A.u_c_hihi,1024,32,500,100,285,[226133343.0]
A.u_c_hihi,1024,32,500,100,286,[232813700.0]
A.u_c_hihi,1024,32,500,100,287,[217644526.0]
A.u_c_hihi,1024,32,500,100,288,[226875780.0]
A.u_c_hihi,1024,32,500,100,289,[234817873.0]
A.u_c_hihi,1024,32,500,100,290,[228471444.0]
A.u_c_hihi,1024,32,500,100,291,[210577752.0]
A.u_c_hihi,1024,32,500,100,292,[214565884.5]
A.u_c_hihi,1024,32,500,100,293,[217758034.0]
A.u_c_hihi,1024,32,500,100,294,[231029060.25]
A.u_c_hihi,1024,32,500,100,295,[221139345.0]
A.u_c_hihi,1024,32,500,100,296,[217636071.25]
A.u_c_hihi,1024,32,500,100,297,[219382950.0]
A.u_c_hihi,1024,32,500,100,298,[216184150.0]
A.u_c_hihi,1024,32,500,100,299,[217758034.0]
A.u_c_hihi,1024,32,500,100,300,[213746576.5]
A.u_c_hihi,1024,32,500,100,301,[220108360.0]
A.u_c_hihi,1024,32,500,100,302,[225137729.5]
A.u_c_hihi,1024,32,500,100,303,[220041533.25]
A.u_c_hihi,1024,32,500,100,304,[218716029.0]
A.u_c_hihi,1024,32,500,100,305,[209382725.0]
A.u_c_hihi,1024,32,500,100,306,[219313254.0]
A.u_c_hihi,1024,32,500,100,307,[247323325.0]
A.u_c_hihi,1024,32,500,100,308,[219313254.0]
A.u_c_hihi,1024,32,500,100,309,[225690927.0]
A.u_c_hihi,1024,32,500,100,310,[232813700.0]
A.u_c_hihi,1024,32,500,100,311,[210607632.0]
A.u_c_hihi,1024,32,500,100,312,[215778586.0]
A.u_c_hihi,1024,32,500,100,313,[214565884.5]
A.u_c_hihi,1024,32,500,100,314,[213920098.0]
A.u_c_hihi,1024,32,500,100,315,[209432157.0]
A.u_c_hihi,1024,32,500,100,316,[224498925.0]
A.u_c_hihi,1024,32,500,100,317,[216184150.0]
A.u_c_hihi,1024,32,500,100,318,[213508504.5]
A.u_c_hihi,1024,32,500,100,319,[226875780.0]
A.u_c_hihi,1024,32,500,100,320,[234438306.0]
A.u_c_hihi,1024,32,500,100,321,[254185118.0]
A.u_c_hihi,1024,32,500,100,322,[240573870.5]
A.u_c_hihi,1024,32,500,100,323,[227537459.0]
A.u_c_hihi,1024,32,500,100,324,[204188202.0]
A.u_c_hihi,1024,32,500,100,325,[216548810.5]
A.u_c_hihi,1024,32,500,100,326,[234438306.0]
A.u_c_hihi,1024,32,500,100,327,[209382725.0]
A.u_c_hihi,1024,32,500,100,328,[216849594.0]
A.u_c_hihi,1024,32,500,100,329,[224498925.0]
A.u_c_hihi,1024,32,500,100,330,[232813700.0]
A.u_c_hihi,1024,32,500,100,331,[212058325.0]
A.u_c_hihi,1024,32,500,100,332,[213920098.0]
A.u_c_hihi,1024,32,500,100,333,[201832314.0]
A.u_c_hihi,1024,32,500,100,334,[224498925.0]
A.u_c_hihi,1024,32,500,100,335,[217758034.0]
A.u_c_hihi,1024,32,500,100,336,[242883961.0]
A.u_c_hihi,1024,32,500,100,337,[211750728.0]
A.u_c_hihi,1024,32,500,100,338,[221560101.5]
A.u_c_hihi,1024,32,500,100,339,[216184150.0]
A.u_c_hihi,1024,32,500,100,340,[237430392.0]
A.u_c_hihi,1024,32,500,100,341,[219313254.0]
A.u_c_hihi,1024,32,500,100,342,[211379731.0]
A.u_c_hihi,1024,32,500,100,343,[232813700.0]
A.u_c_hihi,1024,32,500,100,344,[210596274.0]
A.u_c_hihi,1024,32,500,100,345,[210607632.0]
A.u_c_hihi,1024,32,500,100,346,[213920098.0]
A.u_c_hihi,1024,32,500,100,347,[232813700.0]
A.u_c_hihi,1024,32,500,100,348,[225300445.5]
A.u_c_hihi,1024,32,500,100,349,[210971953.5]
A.u_c_hihi,1024,32,500,100,350,[216184150.0]
A.u_c_hihi,1024,32,500,100,351,[214565884.5]
A.u_c_hihi,1024,32,500,100,352,[229200105.0]
A.u_c_hihi,1024,32,500,100,353,[226133343.0]
A.u_c_hihi,1024,32,500,100,354,[234508652.0]
A.u_c_hihi,1024,32,500,100,355,[219052926.0]
A.u_c_hihi,1024,32,500,100,356,[259634579.0]
A.u_c_hihi,1024,32,500,100,357,[229200105.0]
A.u_c_hihi,1024,32,500,100,358,[224498925.0]
A.u_c_hihi,1024,32,500,100,359,[216184150.0]
A.u_c_hihi,1024,32,500,100,360,[210939576.75]
A.u_c_hihi,1024,32,500,100,361,[226875780.0]
A.u_c_hihi,1024,32,500,100,362,[227537459.0]
A.u_c_hihi,1024,32,500,100,363,[234508652.0]
A.u_c_hihi,1024,32,500,100,364,[217644526.0]
A.u_c_hihi,1024,32,500,100,365,[227457612.0]
A.u_c_hihi,1024,32,500,100,366,[217758034.0]
A.u_c_hihi,1024,32,500,100,367,[225300445.5]
A.u_c_hihi,1024,32,500,100,368,[234438306.0]
A.u_c_hihi,1024,32,500,100,369,[220984318.5]
A.u_c_hihi,1024,32,500,100,370,[213920098.0]
A.u_c_hihi,1024,32,500,100,371,[216184150.0]
A.u_c_hihi,1024,32,500,100,372,[216849594.0]
A.u_c_hihi,1024,32,500,100,373,[214821078.0]
A.u_c_hihi,1024,32,500,100,374,[226133343.0]
A.u_c_hihi,1024,32,500,100,375,[216184150.0]
A.u_c_hihi,1024,32,500,100,376,[228471444.0]
A.u_c_hihi,1024,32,500,100,377,[226875780.0]
A.u_c_hihi,1024,32,500,100,378,[207751593.0]
A.u_c_hihi,1024,32,500,100,379,[214496205.0]
A.u_c_hihi,1024,32,500,100,380,[221560101.5]
A.u_c_hihi,1024,32,500,100,381,[211750728.0]
A.u_c_hihi,1024,32,500,100,382,[225300445.5]
A.u_c_hihi,1024,32,500,100,383,[202184544.0]
A.u_c_hihi,1024,32,500,100,384,[213920098.0]
A.u_c_hihi,1024,32,500,100,385,[216184150.0]
A.u_c_hihi,1024,32,500,100,386,[219894605.0]
A.u_c_hihi,1024,32,500,100,387,[219894605.0]
A.u_c_hihi,1024,32,500,100,388,[208300980.0]
A.u_c_hihi,1024,32,500,100,389,[222504980.0]
A.u_c_hihi,1024,32,500,100,390,[206883319.0]
A.u_c_hihi,1024,32,500,100,391,[213746576.5]
A.u_c_hihi,1024,32,500,100,392,[214821078.0]
A.u_c_hihi,1024,32,500,100,393,[208502811.0]
A.u_c_hihi,1024,32,500,100,394,[214995291.0]
A.u_c_hihi,1024,32,500,100,395,[207869375.0]
A.u_c_hihi,1024,32,500,100,396,[224498925.0]
A.u_c_hihi,1024,32,500,100,397,[211750728.0]
A.u_c_hihi,1024,32,500,100,398,[219052926.0]
A.u_c_hihi,1024,32,500,100,399,[229200105.0]
A.u_c_hihi,1024,32,500,100,400,[216942355.5]
A.u_c_hihi,1024,32,500,100,401,[213920098.0]
A.u_c_hihi,1024,32,500,100,402,[201748768.0]
A.u_c_hihi,1024,32,500,100,403,[214565884.5]
A.u_c_hihi,1024,32,500,100,404,[207869375.0]
A.u_c_hihi,1024,32,500,100,405,[220984318.5]
A.u_c_hihi,1024,32,500,100,406,[243392140.0]
A.u_c_hihi,1024,32,500,100,407,[221139345.0]
A.u_c_hihi,1024,32,500,100,408,[221560101.5]
A.u_c_hihi,1024,32,500,100,409,[220149468.0]
A.u_c_hihi,1024,32,500,100,410,[214821078.0]
A.u_c_hihi,1024,32,500,100,411,[217644526.0]
A.u_c_hihi,1024,32,500,100,412,[219313254.0]
A.u_c_hihi,1024,32,500,100,413,[225189963.0]
A.u_c_hihi,1024,32,500,100,414,[226133343.0]
A.u_c_hihi,1024,32,500,100,415,[208509225.0]
A.u_c_hihi,1024,32,500,100,416,[210971953.5]
A.u_c_hihi,1024,32,500,100,417,[201007416.0]
A.u_c_hihi,1024,32,500,100,418,[212968122.5]
A.u_c_hihi,1024,32,500,100,419,[208502811.0]
A.u_c_hihi,1024,32,500,100,420,[209382725.0]
A.u_c_hihi,1024,32,500,100,421,[214565884.5]
A.u_c_hihi,1024,32,500,100,422,[234508652.0]
A.u_c_hihi,1024,32,500,100,423,[201832314.0]
A.u_c_hihi,1024,32,500,100,424,[205817106.5]
A.u_c_hihi,1024,32,500,100,425,[204188202.0]
A.u_c_hihi,1024,32,500,100,426,[200798515.5]
A.u_c_hihi,1024,32,500,100,427,[233530332.0]
A.u_c_hihi,1024,32,500,100,428,[227569877.5]
A.u_c_hihi,1024,32,500,100,429,[214605651.0]
A.u_c_hihi,1024,32,500,100,430,[208063888.0]
A.u_c_hihi,1024,32,500,100,431,[204188202.0]
A.u_c_hihi,1024,32,500,100,432,[221560101.5]
A.u_c_hihi,1024,32,500,100,433,[207869375.0]
A.u_c_hihi,1024,32,500,100,434,[217758034.0]
A.u_c_hihi,1024,32,500,100,435,[233775879.0]
A.u_c_hihi,1024,32,500,100,436,[216184150.0]
A.u_c_hihi,1024,32,500,100,437,[213920098.0]
A.u_c_hihi,1024,32,500,100,438,[211750728.0]
A.u_c_hihi,1024,32,500,100,439,[215778586.0]
A.u_c_hihi,1024,32,500,100,440,[199334825.5]
A.u_c_hihi,1024,32,500,100,441,[215878278.0]
A.u_c_hihi,1024,32,500,100,442,[227569877.5]
A.u_c_hihi,1024,32,500,100,443,[200773335.0]
A.u_c_hihi,1024,32,500,100,444,[202796412.0]
A.u_c_hihi,1024,32,500,100,445,[236840108.5]
A.u_c_hihi,1024,32,500,100,446,[221560101.5]
A.u_c_hihi,1024,32,500,100,447,[196625676.0]
A.u_c_hihi,1024,32,500,100,448,[207869375.0]
A.u_c_hihi,1024,32,500,100,449,[208063888.0]
A.u_c_hihi,1024,32,500,100,450,[221560101.5]
A.u_c_hihi,1024,32,500,100,451,[204188202.0]
A.u_c_hihi,1024,32,500,100,452,[213920098.0]
A.u_c_hihi,1024,32,500,100,453,[214565884.5]
A.u_c_hihi,1024,32,500,100,454,[216184150.0]
A.u_c_hihi,1024,32,500,100,455,[216942355.5]
A.u_c_hihi,1024,32,500,100,456,[219894605.0]
A.u_c_hihi,1024,32,500,100,457,[207869375.0]
A.u_c_hihi,1024,32,500,100,458,[227537459.0]
A.u_c_hihi,1024,32,500,100,459,[201007416.0]
A.u_c_hihi,1024,32,500,100,460,[237307336.5]
A.u_c_hihi,1024,32,500,100,461,[206280094.5]
A.u_c_hihi,1024,32,500,100,462,[211750728.0]
A.u_c_hihi,1024,32,500,100,463,[194996550.0]
A.u_c_hihi,1024,32,500,100,464,[206883319.0]
A.u_c_hihi,1024,32,500,100,465,[216299491.5]
A.u_c_hihi,1024,32,500,100,466,[216849594.0]
A.u_c_hihi,1024,32,500,100,467,[221560101.5]
A.u_c_hihi,1024,32,500,100,468,[219313254.0]
A.u_c_hihi,1024,32,500,100,469,[207817158.5]
A.u_c_hihi,1024,32,500,100,470,[212058325.0]
A.u_c_hihi,1024,32,500,100,471,[212276818.0]
A.u_c_hihi,1024,32,500,100,472,[199554600.0]
A.u_c_hihi,1024,32,500,100,473,[221147688.0]
A.u_c_hihi,1024,32,500,100,474,[212968122.5]
A.u_c_hihi,1024,32,500,100,475,[216184150.0]
A.u_c_hihi,1024,32,500,100,476,[200030078.5]
A.u_c_hihi,1024,32,500,100,477,[205817106.5]
A.u_c_hihi,1024,32,500,100,478,[213920098.0]
A.u_c_hihi,1024,32,500,100,479,[216184150.0]
A.u_c_hihi,1024,32,500,100,480,[202184544.0]
A.u_c_hihi,1024,32,500,100,481,[210596274.0]
A.u_c_hihi,1024,32,500,100,482,[207869375.0]
A.u_c_hihi,1024,32,500,100,483,[196625676.0]
A.u_c_hihi,1024,32,500,100,484,[210577752.0]
A.u_c_hihi,1024,32,500,100,485,[209382725.0]
A.u_c_hihi,1024,32,500,100,486,[210596274.0]
A.u_c_hihi,1024,32,500,100,487,[217758034.0]
A.u_c_hihi,1024,32,500,100,488,[204188202.0]
A.u_c_hihi,1024,32,500,100,489,[226133343.0]
A.u_c_hihi,1024,32,500,100,490,[216942355.5]
A.u_c_hihi,1024,32,500,100,491,[207869375.0]
A.u_c_hihi,1024,32,500,100,492,[221139345.0]
A.u_c_hihi,1024,32,500,100,493,[211750728.0]
A.u_c_hihi,1024,32,500,100,494,[207751593.0]
A.u_c_hihi,1024,32,500,100,495,[199554600.0]
A.u_c_hihi,1024,32,500,100,496,[211379731.0]
A.u_c_hihi,1024,32,500,100,497,[208063888.0]
A.u_c_hihi,1024,32,500,100,498,[217758034.0]
A.u_c_hihi,1024,32,500,100,499,[208063888.0]
A.u_c_hihi,1024,32,500,100,500,[211750728.0]
A.u_c_hihi,1024,32,500,100,501,[213508504.5]
